Processing Timestamp (ms), Arduino Timestamp (ms), X, Y, Z
1707791043593, 422351, 3456, -6064, 3184
1707791043593, 422353, 3456, -6064, 3184
1707791043593, 422354, 3552, -6080, 3280
1707791043594, 422356, 3472, -6224, 3328
1707791043594, 422358, 3472, -6224, 3328
1707791043594, 422359, 3408, -6240, 3104
1707791043594, 422361, 3392, -6192, 2896
1707791043594, 422362, 3392, -6192, 2896
1707791043594, 422364, 3344, -6208, 3072
1707791043594, 422366, 3504, -6240, 3072
1707791043621, 422377, 3536, -6304, 2928
1707791043621, 422379, 3600, -6224, 2976
1707791043621, 422381, 3520, -6192, 2656
1707791043622, 422382, 3520, -6192, 2656
1707791043622, 422384, 3680, -6160, 2576
1707791043622, 422385, 3776, -6320, 2624
1707791043622, 422387, 3776, -6320, 2624
1707791043622, 422389, 3648, -6288, 2512
1707791043622, 422390, 3712, -6272, 2640
1707791043622, 422392, 3712, -6272, 2640
1707791043649, 422404, 3728, -6496, 2528
1707791043649, 422405, 4000, -6560, 2688
1707791043649, 422407, 4000, -6560, 2688
1707791043650, 422409, 3904, -6592, 2448
1707791043650, 422410, 3936, -6576, 2400
1707791043650, 422412, 3936, -6576, 2400
1707791043650, 422413, 4000, -6720, 2560
1707791043650, 422415, 4080, -6720, 2464
1707791043650, 422417, 4080, -6720, 2464
1707791043650, 422418, 3872, -6752, 2688
1707791043673, 422430, 3872, -6912, 2400
1707791043673, 422432, 3872, -6912, 2400
1707791043674, 422433, 3904, -6992, 2416
1707791043674, 422435, 4032, -7024, 2816
1707791043674, 422437, 4032, -7024, 2816
1707791043674, 422438, 3824, -7024, 2832
1707791043674, 422440, 3824, -6944, 2704
1707791043674, 422441, 3728, -6944, 2704
1707791043674, 422443, 3712, -6928, 2384
1707791043674, 422445, 3712, -6944, 2416
1707791043701, 422456, 3824, -6912, 2624
1707791043701, 422458, 3744, -6960, 2688
1707791043701, 422460, 3712, -7008, 2880
1707791043701, 422461, 3712, -7008, 2880
1707791043701, 422463, 3744, -7024, 2880
1707791043702, 422464, 3744, -7152, 2864
1707791043702, 422466, 3680, -7152, 2864
1707791043702, 422468, 3648, -7024, 2864
1707791043702, 422469, 3648, -7024, 2768
1707791043702, 422471, 3760, -6992, 2768
1707791043725, 422483, 3696, -7008, 3056
1707791043725, 422484, 3696, -7056, 3072
1707791043726, 422486, 3600, -7056, 3072
1707791043726, 422488, 3712, -6960, 3040
1707791043726, 422489, 3712, -6960, 2704
1707791043726, 422491, 3648, -7056, 2704
1707791043726, 422492, 3632, -7024, 3120
1707791043726, 422494, 3632, -7024, 3248
1707791043726, 422496, 3584, -6992, 3248
1707791043726, 422497, 3536, -6912, 3200
1707791043753, 422509, 3648, -6704, 3024
1707791043753, 422511, 3728, -6704, 3024
1707791043754, 422512, 3776, -6752, 2976
1707791043754, 422514, 3776, -6752, 3232
1707791043754, 422516, 3632, -6736, 3232
1707791043754, 422517, 3408, -6784, 3088
1707791043754, 422519, 3408, -6784, 2832
1707791043754, 422520, 3600, -6720, 2880
1707791043754, 422522, 3600, -6704, 2720
1707791043754, 422524, 3600, -6704, 2720
1707791043781, 422535, 3616, -6544, 2944
1707791043781, 422537, 3664, -6544, 2688
1707791043782, 422539, 3664, -6544, 2688
1707791043782, 422540, 3536, -6464, 3024
1707791043782, 422542, 3376, -6320, 3328
1707791043782, 422543, 3376, -6320, 3328
1707791043782, 422545, 3504, -6320, 3344
1707791043782, 422547, 3584, -6384, 3312
1707791043782, 422548, 3584, -6384, 3312
1707791043782, 422550, 3312, -6304, 3280
1707791043805, 422562, 3376, -6336, 2944
1707791043805, 422563, 3376, -6336, 2944
1707791043806, 422565, 3376, -6416, 2832
1707791043806, 422567, 3424, -6368, 2800
1707791043806, 422568, 3424, -6368, 2800
1707791043806, 422570, 3296, -6432, 2960
1707791043806, 422571, 3504, -6512, 3280
1707791043806, 422573, 3504, -6512, 3280
1707791043806, 422575, 3440, -6464, 3008
1707791043806, 422576, 3344, -6528, 2992
1707791043833, 422588, 3488, -6848, 2768
1707791043833, 422590, 3552, -6912, 2496
1707791043834, 422591, 3568, -6992, 2336
1707791043834, 422593, 3568, -6992, 2336
1707791043834, 422594, 3632, -7040, 2432
1707791043834, 422596, 3760, -7056, 2640
1707791043834, 422598, 3760, -7056, 2640
1707791043834, 422599, 3504, -7072, 2704
1707791043834, 422601, 3504, -7088, 2608
1707791043834, 422603, 3520, -7088, 2608
1707791043857, 422614, 3456, -7040, 2656
1707791043857, 422616, 3424, -7040, 2992
1707791043858, 422618, 3424, -7040, 2992
1707791043858, 422619, 3344, -7024, 2768
1707791043858, 422621, 3280, -6992, 2880
1707791043858, 422622, 3280, -6992, 2880
1707791043858, 422624, 3312, -7040, 2576
1707791043858, 422626, 3568, -7008, 2800
1707791043858, 422627, 3344, -7008, 2800
1707791043858, 422629, 3312, -6992, 2816
1707791043885, 422641, 3392, -6896, 3088
1707791043885, 422642, 3392, -6896, 3088
1707791043886, 422644, 3456, -6944, 3088
1707791043886, 422646, 3200, -6880, 3280
1707791043886, 422647, 3312, -6880, 3280
1707791043886, 422649, 3344, -6816, 2992
1707791043886, 422650, 3344, -6816, 2816
1707791043886, 422652, 3344, -6864, 2816
1707791043886, 422654, 3280, -6848, 3008
1707791043886, 422655, 3280, -6848, 3184
1707791043909, 422667, 3248, -6816, 2848
1707791043910, 422669, 3232, -6752, 3072
1707791043910, 422670, 3232, -6736, 2992
1707791043910, 422672, 3216, -6736, 2992
1707791043910, 422673, 3568, -6688, 2560
1707791043910, 422675, 3568, -6432, 2512
1707791043910, 422677, 3536, -6640, 2512
1707791043910, 422678, 3408, -6736, 2752
1707791043910, 422680, 3408, -6736, 2752
1707791043911, 422681, 3568, -6624, 2624
1707791043937, 422693, 3408, -6464, 2464
1707791043937, 422695, 3408, -6464, 2544
1707791043938, 422697, 3536, -6464, 2544
1707791043938, 422698, 3536, -6512, 2848
1707791043938, 422700, 3536, -6512, 2592
1707791043938, 422701, 3440, -6368, 2784
1707791043938, 422703, 3392, -6352, 2400
1707791043938, 422705, 3392, -6352, 2400
1707791043938, 422706, 3456, -6336, 2448
1707791043938, 422708, 3552, -6336, 2352
1707791043965, 422720, 3552, -6304, 2176
1707791043965, 422721, 3456, -6416, 2176
1707791043966, 422723, 3376, -6288, 1952
1707791043966, 422724, 3376, -6288, 1952
1707791043966, 422726, 3552, -6272, 1968
1707791043966, 422728, 3584, -6352, 1984
1707791043966, 422729, 3584, -6352, 1984
1707791043966, 422731, 3488, -6400, 2080
1707791043966, 422733, 3488, -6368, 1904
1707791043966, 422734, 3488, -6368, 1904
1707791043989, 422746, 3616, -6432, 1680
1707791043989, 422748, 3744, -6480, 1824
1707791043990, 422749, 3744, -6480, 1824
1707791043990, 422751, 3648, -6576, 1904
1707791043990, 422752, 3616, -6480, 1968
1707791043990, 422754, 3616, -6480, 1968
1707791043990, 422756, 3472, -6480, 1552
1707791043990, 422757, 3760, -6432, 1584
1707791043990, 422759, 3760, -6432, 1584
1707791043990, 422760, 3616, -6544, 1680
1707791044017, 422772, 3568, -6512, 1424
1707791044018, 422774, 3568, -6512, 1424
1707791044018, 422775, 3632, -6416, 1168
1707791044018, 422777, 3648, -6528, 1056
1707791044018, 422779, 3648, -6528, 1056
1707791044018, 422780, 3632, -6480, 1392
1707791044018, 422782, 3424, -6416, 1520
1707791044018, 422784, 3424, -6416, 1520
1707791044018, 422785, 3408, -6240, 1344
1707791044018, 422787, 3408, -6256, 1616
1707791044041, 422799, 3552, -6352, 1728
1707791044042, 422800, 3232, -6320, 1616
1707791044042, 422802, 3392, -6352, 1824
1707791044042, 422803, 3392, -6352, 1824
1707791044042, 422805, 3296, -6384, 1776
1707791044042, 422807, 3296, -6448, 2032
1707791044042, 422808, 3072, -6448, 2032
1707791044042, 422810, 3264, -6640, 1936
1707791044042, 422811, 3264, -6896, 2064
1707791044042, 422813, 3232, -6768, 2064
1707791044069, 422825, 3328, -7536, 2752
1707791044070, 422827, 3296, -7776, 3056
1707791044070, 422828, 3296, -7776, 3056
1707791044070, 422830, 3264, -7904, 2592
1707791044070, 422831, 3520, -8096, 2640
1707791044070, 422833, 3328, -8096, 2640
1707791044070, 422835, 3504, -8256, 2944
1707791044070, 422836, 3504, -8256, 2672
1707791044070, 422838, 3568, -8384, 2672
1707791044070, 422839, 3440, -8432, 3056
1707791044093, 422851, 3584, -8560, 2576
1707791044094, 422853, 3536, -8560, 2576
1707791044094, 422854, 3712, -8496, 2416
1707791044094, 422856, 3712, -8496, 2464
1707791044094, 422858, 3632, -8544, 2464
1707791044094, 422859, 3344, -8464, 2464
1707791044094, 422861, 3344, -8464, 2624
1707791044094, 422863, 3424, -8384, 2624
1707791044094, 422864, 3408, -8464, 2256
1707791044094, 422866, 3408, -8464, 2256
1707791044121, 422878, 3472, -8224, 2304
1707791044122, 422879, 3376, -8320, 2352
1707791044122, 422881, 3376, -8320, 2464
1707791044122, 422882, 3408, -8240, 2464
1707791044122, 422884, 3392, -8176, 2144
1707791044122, 422886, 3392, -8176, 2144
1707791044122, 422887, 3488, -8144, 2080
1707791044122, 422889, 3568, -8128, 1984
1707791044122, 422890, 3568, -8128, 1984
1707791044122, 422892, 3408, -8112, 2112
1707791044149, 422904, 3360, -7680, 2224
1707791044150, 422905, 3360, -7680, 2224
1707791044150, 422907, 3376, -7632, 2192
1707791044150, 422909, 3408, -7472, 2016
1707791044150, 422910, 3408, -7472, 2016
1707791044150, 422912, 3472, -7328, 2048
1707791044150, 422914, 3360, -7312, 2272
1707791044150, 422915, 3360, -7312, 2272
1707791044150, 422917, 3344, -7216, 2064
1707791044151, 422918, 3248, -7024, 2112
1707791044173, 422930, 3184, -7008, 2160
1707791044174, 422932, 3232, -6976, 2032
1707791044174, 422933, 3280, -7056, 2032
1707791044174, 422935, 3280, -7056, 2032
1707791044174, 422937, 3248, -7008, 2400
1707791044174, 422938, 3248, -7056, 2752
1707791044174, 422940, 3248, -7056, 2752
1707791044174, 422941, 3344, -7040, 2704
1707791044174, 422943, 3408, -7136, 2320
1707791044175, 422945, 3408, -7136, 2320
1707791044201, 422957, 3392, -7296, 2544
1707791044202, 422958, 3216, -7376, 2352
1707791044202, 422960, 3216, -7376, 2352
1707791044202, 422961, 3280, -7600, 2624
1707791044202, 422963, 3344, -7824, 2672
1707791044202, 422965, 3344, -7824, 2672
1707791044202, 422966, 3360, -7808, 2624
1707791044202, 422968, 3456, -7936, 2816
1707791044202, 422969, 3456, -7936, 2816
1707791044202, 422971, 3616, -8016, 2496
1707791044226, 422983, 3504, -8272, 2624
1707791044226, 422984, 3504, -8272, 2624
1707791044226, 422986, 3328, -8352, 2480
1707791044226, 422988, 3520, -8304, 2272
1707791044226, 422989, 3520, -8304, 2272
1707791044226, 422991, 3216, -8256, 2528
1707791044226, 422992, 3216, -8192, 2304
1707791044226, 422994, 3248, -8192, 2304
1707791044226, 422996, 3440, -8224, 2256
1707791044227, 422997, 3440, -8224, 2096
1707791044254, 423009, 3424, -9088, 2368
1707791044254, 423011, 3424, -9344, 2448
1707791044254, 423012, 3424, -9616, 2320
1707791044254, 423014, 3408, -9616, 2320
1707791044254, 423016, 3440, -9728, 2192
1707791044254, 423017, 3440, -9904, 2112
1707791044254, 423019, 3360, -9904, 2112
1707791044254, 423020, 3440, -10000, 2224
1707791044273, 423022, 3440, -10000, 2336
1707791044274, 423024, 3472, -10064, 2336
1707791044274, 423035, 3264, -10272, 1728
1707791044274, 423037, 3264, -10192, 1584
1707791044274, 423039, 3280, -10192, 1584
1707791044274, 423040, 3296, -10224, 1472
1707791044274, 423042, 3296, -10224, 1616
1707791044274, 423044, 3264, -10208, 1616
1707791044297, 423045, 3264, -10256, 1696
1707791044298, 423047, 3264, -10256, 1696
1707791044298, 423048, 3216, -10208, 1616
1707791044298, 423050, 3200, -10160, 1360
1707791044298, 423062, 2976, -10096, 1552
1707791044298, 423063, 2992, -10064, 1552
1707791044298, 423065, 2976, -10096, 1696
1707791044298, 423067, 2976, -10096, 1504
1707791044301, 423068, 2880, -10128, 1504
1707791044320, 423070, 2784, -10096, 1520
1707791044320, 423071, 2784, -10096, 1520
1707791044320, 423073, 2864, -10128, 1792
1707791044320, 423075, 2768, -10224, 1424
1707791044320, 423087, 2944, -10736, 2096
1707791044320, 423088, 2976, -10896, 2096
1707791044320, 423090, 2912, -11040, 2032
1707791044320, 423091, 2912, -11040, 2544
1707791044332, 423093, 2944, -11216, 2384
1707791044332, 423095, 3136, -11440, 2192
1707791044332, 423096, 3136, -11440, 2192
1707791044332, 423098, 3136, -11584, 2208
1707791044332, 423099, 3024, -11856, 2320
1707791044356, 423111, 3248, -12096, 2784
1707791044356, 423113, 3312, -12080, 2928
1707791044356, 423114, 3072, -11904, 2960
1707791044356, 423116, 3072, -11904, 2960
1707791044356, 423118, 3024, -11696, 2960
1707791044356, 423119, 2896, -11568, 2944
1707791044356, 423121, 2896, -11568, 2944
1707791044356, 423122, 2720, -11232, 3296
1707791044376, 423124, 2624, -10816, 2976
1707791044376, 423126, 2624, -10816, 2976
1707791044376, 423138, 2624, -9456, 4032
1707791044376, 423139, 2656, -9360, 3968
1707791044376, 423141, 2656, -9360, 3968
1707791044376, 423142, 2704, -9168, 4016
1707791044376, 423144, 2512, -8960, 3888
1707791044377, 423146, 2512, -8960, 3888
1707791044400, 423147, 2640, -8880, 3952
1707791044400, 423149, 2576, -8752, 3888
1707791044400, 423150, 2576, -8752, 3888
1707791044400, 423152, 2736, -8592, 3904
1707791044400, 423164, 2960, -8592, 3488
1707791044400, 423165, 2960, -8592, 3488
1707791044400, 423167, 2880, -8752, 3280
1707791044400, 423169, 3232, -8848, 3024
1707791044400, 423170, 3232, -8848, 3024
1707791044424, 423172, 3136, -9024, 2944
1707791044424, 423174, 3152, -9200, 3024
1707791044424, 423175, 3152, -9200, 3024
1707791044424, 423177, 3344, -9184, 2352
1707791044424, 423178, 3344, -9136, 2288
1707791044424, 423190, 3392, -8864, 1536
1707791044424, 423192, 3504, -8752, 1376
1707791044424, 423193, 3424, -8576, 1504
1707791044440, 423195, 3424, -8576, 1504
1707791044440, 423197, 3488, -8496, 1520
1707791044440, 423198, 3488, -8288, 1600
1707791044440, 423200, 3504, -8288, 1600
1707791044440, 423201, 3376, -8128, 1504
1707791044440, 423203, 3376, -7872, 1344
1707791044440, 423205, 3424, -7936, 1344
1707791044460, 423216, 3408, -7008, 2128
1707791044460, 423218, 3408, -6880, 2464
1707791044460, 423220, 3360, -6880, 2464
1707791044460, 423221, 3136, -6736, 2368
1707791044460, 423223, 3136, -6480, 2272
1707791044460, 423224, 3264, -6592, 2272
1707791044460, 423226, 3312, -6400, 2288
1707791044460, 423228, 3312, -6400, 2288
1707791044461, 423229, 3408, -6192, 2448
1707791044461, 423231, 3312, -6000, 2624
1707791044488, 423243, 3360, -5264, 2144
1707791044488, 423244, 3392, -5264, 2144
1707791044488, 423246, 3536, -5232, 1920
1707791044488, 423248, 3536, -5232, 2016
1707791044488, 423249, 3696, -5264, 2016
1707791044488, 423251, 3856, -5328, 1968
1707791044488, 423252, 3856, -5328, 2480
1707791044489, 423254, 3920, -5520, 2368
1707791044489, 423256, 3824, -5776, 2544
1707791044489, 423257, 3824, -5776, 2544
1707791044512, 423269, 3952, -6736, 2368
1707791044512, 423271, 4416, -6800, 2240
1707791044512, 423272, 4416, -6800, 2240
1707791044512, 423274, 4496, -6912, 2240
1707791044512, 423276, 4288, -6928, 2288
1707791044512, 423277, 4288, -6928, 2288
1707791044512, 423279, 4320, -6800, 2176
1707791044513, 423280, 4512, -6688, 2208
1707791044513, 423282, 4512, -6688, 2208
1707791044513, 423284, 4384, -6512, 1952
1707791044540, 423295, 4064, -5520, 1984
1707791044540, 423297, 4064, -5520, 1984
1707791044540, 423299, 4096, -5216, 2064
1707791044540, 423300, 3952, -5072, 2320
1707791044540, 423302, 3952, -5072, 2320
1707791044540, 423303, 4000, -4672, 2176
1707791044540, 423305, 3776, -4368, 2192
1707791044541, 423307, 3776, -4368, 2192
1707791044541, 423308, 3808, -4048, 2736
1707791044541, 423310, 3552, -3728, 3040
1707791044568, 423322, 3664, -2688, 3376
1707791044568, 423323, 3792, -2512, 3360
1707791044568, 423325, 3824, -2448, 3088
1707791044568, 423327, 3824, -2448, 3088
1707791044568, 423328, 3872, -2544, 3088
1707791044568, 423330, 3856, -2848, 2720
1707791044568, 423331, 3856, -2848, 2720
1707791044569, 423333, 4144, -3104, 2880
1707791044569, 423335, 4144, -3408, 2400
1707791044569, 423336, 4144, -3408, 2400
1707791044592, 423348, 4496, -4512, 1472
1707791044592, 423350, 4832, -4608, 1120
1707791044592, 423351, 4832, -4608, 1120
1707791044592, 423353, 4912, -4672, 1088
1707791044592, 423354, 4752, -4512, 704
1707791044592, 423356, 4752, -4512, 704
1707791044592, 423358, 4736, -4432, 576
1707791044593, 423359, 4736, -4256, 512
1707791044616, 423361, 4560, -4256, 512
1707791044616, 423363, 4544, -4080, 112
1707791044616, 423364, 4544, -4080, -96
1707791044616, 423376, 4480, -3984, 240
1707791044616, 423378, 4688, -4016, 544
1707791044616, 423379, 4688, -4064, 640
1707791044616, 423381, 4784, -4064, 640
1707791044616, 423382, 4768, -3952, 880
1707791044617, 423384, 4768, -3824, 576
1707791044624, 423386, 4656, -3824, 576
1707791044624, 423387, 4656, -3664, 640
1707791044624, 423389, 4656, -3664, 656
1707791044624, 423390, 4368, -3664, 656
1707791044624, 423392, 4272, -3504, 784
1707791044648, 423404, 4272, -3248, 720
1707791044648, 423406, 4208, -3248, 720
1707791044648, 423407, 4096, -3088, 496
1707791044648, 423409, 4096, -2832, 608
1707791044648, 423410, 4080, -2832, 608
1707791044648, 423412, 4048, -2496, 640
1707791044648, 423414, 4048, -2496, 640
1707791044649, 423415, 4064, -2144, 576
1707791044672, 423417, 4176, -1872, 1264
1707791044672, 423418, 4176, -1872, 1264
1707791044672, 423420, 3952, -1552, 1328
1707791044672, 423432, 3744, -224, 1408
1707791044672, 423433, 3744, -224, 1440
1707791044672, 423435, 3808, -48, 1440
1707791044672, 423437, 3696, 128, 1488
1707791044673, 423438, 3696, 128, 1488
1707791044673, 423440, 3840, 432, 1440
1707791044692, 423441, 3872, 464, 1328
1707791044692, 423443, 3872, 464, 1328
1707791044692, 423445, 3904, 432, 1392
1707791044692, 423446, 3888, 480, 1424
1707791044692, 423448, 3888, 480, 1424
1707791044692, 423449, 3968, 304, 1456
1707791044692, 423461, 4352, -32, 1760
1707791044693, 423463, 4352, -32, 1760
1707791044693, 423464, 4336, -176, 1776
1707791044716, 423466, 4336, -432, 1600
1707791044716, 423468, 4336, -432, 1600
1707791044716, 423469, 4464, -544, 1376
1707791044716, 423471, 4464, -656, 1312
1707791044716, 423473, 4400, -656, 1312
1707791044716, 423474, 4576, -640, 992
1707791044716, 423476, 4576, -640, 1264
1707791044717, 423477, 4688, -592, 1264
1707791044717, 423479, 4592, -480, 1456
1707791044736, 423491, 4656, 1312, 1888
1707791044736, 423492, 4640, 1312, 1888
1707791044736, 423494, 4672, 1552, 2080
1707791044736, 423496, 4672, 1808, 2288
1707791044736, 423497, 4544, 1872, 2288
1707791044736, 423499, 4560, 2016, 2608
1707791044736, 423500, 4560, 2016, 2352
1707791044737, 423502, 4768, 2096, 2448
1707791044737, 423503, 4992, 2192, 2672
1707791044760, 423505, 4992, 2192, 2672
1707791044760, 423507, 4976, 2256, 2560
1707791044760, 423519, 5328, 2736, 3008
1707791044760, 423520, 5328, 2736, 3008
1707791044760, 423522, 5488, 2864, 2864
1707791044760, 423523, 5392, 3088, 3136
1707791044760, 423525, 5392, 3088, 3136
1707791044761, 423526, 5728, 3344, 3232
1707791044761, 423528, 5568, 3504, 3360
1707791044780, 423530, 5568, 3504, 3360
1707791044780, 423531, 5760, 3520, 3200
1707791044780, 423533, 5760, 3680, 3280
1707791044780, 423534, 5776, 3680, 3280
1707791044780, 423546, 6208, 3808, 2976
1707791044780, 423548, 6160, 3792, 3024
1707791044781, 423549, 6160, 3792, 3024
1707791044781, 423551, 6288, 3792, 2640
1707791044781, 423553, 6544, 3712, 2464
1707791044804, 423554, 6480, 3712, 2464
1707791044804, 423556, 6496, 3728, 2064
1707791044804, 423557, 6496, 3728, 1936
1707791044804, 423559, 6720, 3728, 1936
1707791044804, 423561, 6800, 3536, 1952
1707791044804, 423562, 6800, 3536, 1952
1707791044805, 423574, 6784, 2800, 2960
1707791044805, 423576, 7216, 2608, 3360
1707791044828, 423577, 7216, 2608, 3584
1707791044828, 423579, 7360, 2608, 3584
1707791044828, 423580, 7520, 2528, 3600
1707791044828, 423582, 7520, 2528, 3600
1707791044828, 423584, 7632, 2512, 3696
1707791044828, 423585, 7488, 2464, 3808
1707791044828, 423587, 7488, 2464, 3808
1707791044829, 423588, 7488, 2496, 3968
1707791044829, 423590, 7456, 2544, 4208
1707791044848, 423602, 7600, 2944, 4576
1707791044848, 423603, 7664, 3024, 4768
1707791044848, 423605, 7696, 3120, 4944
1707791044848, 423607, 7696, 3120, 4944
1707791044848, 423608, 7536, 3200, 5152
1707791044848, 423610, 7584, 3472, 5072
1707791044849, 423611, 7584, 3472, 5072
1707791044849, 423613, 7616, 3696, 5552
1707791044849, 423615, 7616, 4016, 5648
1707791044872, 423616, 7664, 4016, 5648
1707791044872, 423618, 7648, 4416, 5616
1707791044872, 423630, 7776, 5152, 5648
1707791044872, 423631, 7776, 5152, 5648
1707791044872, 423633, 7712, 5232, 5360
1707791044872, 423634, 7712, 5232, 5216
1707791044872, 423636, 7824, 5232, 5216
1707791044873, 423638, 7968, 5360, 5312
1707791044873, 423639, 7968, 5616, 5152
1707791044880, 423641, 8032, 5440, 5152
1707791044880, 423642, 7952, 5472, 5248
1707791044880, 423644, 7952, 5472, 4992
1707791044880, 423646, 8064, 5600, 5008
1707791044900, 423657, 7808, 6304, 4528
1707791044900, 423659, 7808, 6560, 4400
1707791044900, 423661, 7952, 6448, 4400
1707791044900, 423662, 7792, 6448, 4544
1707791044900, 423664, 7792, 6448, 4288
1707791044900, 423665, 7632, 6592, 4256
1707791044901, 423667, 7696, 6720, 3856
1707791044901, 423669, 7696, 6720, 3856
1707791044924, 423670, 7680, 6896, 3968
1707791044924, 423672, 7584, 7040, 4224
1707791044924, 423673, 7584, 7040, 4224
1707791044924, 423685, 7104, 7904, 4368
1707791044924, 423687, 6944, 8096, 4480
1707791044924, 423688, 6944, 8096, 4480
1707791044924, 423690, 6752, 8368, 4240
1707791044925, 423692, 6752, 8544, 4032
1707791044925, 423693, 6752, 8544, 4032
1707791044948, 423695, 6752, 8640, 4064
1707791044948, 423696, 6752, 8720, 4240
1707791044948, 423698, 6752, 8720, 4240
1707791044948, 423700, 6848, 8864, 4384
1707791044948, 423701, 6848, 8864, 4528
1707791044948, 423713, 6768, 8784, 5360
1707791044948, 423715, 6080, 8736, 5520
1707791044949, 423716, 6080, 8640, 6016
1707791044949, 423718, 5952, 8640, 6016
1707791044968, 423719, 5648, 8592, 6272
1707791044968, 423721, 5648, 8592, 6016
1707791044968, 423722, 5616, 8576, 6096
1707791044968, 423724, 5328, 8624, 6176
1707791044968, 423726, 5328, 8624, 6176
1707791044968, 423727, 5248, 8624, 6112
1707791044969, 423729, 4944, 8624, 6112
1707791044969, 423741, 4320, 9008, 6016
1707791044969, 423742, 4160, 9072, 5792
1707791044992, 423744, 4048, 9328, 5584
1707791044992, 423745, 4048, 9328, 5584
1707791044992, 423747, 3984, 9472, 5664
1707791044992, 423749, 3824, 9648, 5472
1707791044992, 423750, 3824, 9648, 5472
1707791044992, 423752, 3376, 9952, 5232
1707791044993, 423753, 3120, 9856, 4928
1707791044993, 423755, 3216, 9856, 4928
1707791044993, 423757, 2880, 10000, 5168
1707791045012, 423768, 2480, 10032, 4256
1707791045012, 423770, 2480, 10032, 4256
1707791045012, 423772, 2416, 10016, 3936
1707791045012, 423773, 2416, 10000, 3568
1707791045012, 423775, 2448, 10000, 3568
1707791045012, 423776, 2320, 9920, 3488
1707791045013, 423778, 2320, 10176, 3184
1707791045013, 423780, 2160, 10064, 3184
1707791045013, 423781, 1808, 10272, 3088
1707791045013, 423783, 1808, 10272, 3088
1707791045040, 423795, 1696, 10912, 2320
1707791045040, 423796, 1344, 11072, 2528
1707791045040, 423798, 1344, 11072, 2256
1707791045040, 423799, 1136, 11088, 2256
1707791045040, 423801, 1472, 11104, 2096
1707791045041, 423803, 1472, 11104, 2096
1707791045041, 423804, 1424, 11072, 1840
1707791045041, 423806, 1472, 11232, 1456
1707791045041, 423807, 1472, 11232, 1456
1707791045041, 423809, 1360, 11136, 992
1707791045064, 423821, 736, 11632, 496
1707791045064, 423822, 736, 11632, 496
1707791045064, 423824, 528, 11824, 768
1707791045064, 423826, 496, 11808, 624
1707791045064, 423827, 496, 11808, 624
1707791045064, 423829, 448, 11872, 592
1707791045065, 423830, 192, 12000, 880
1707791045065, 423832, 192, 12000, 880
1707791045065, 423834, -16, 12064, 1168
1707791045088, 423835, -16, 12288, 1360
1707791045088, 423837, -48, 12288, 1360
1707791045088, 423838, 16, 12352, 1408
1707791045088, 423850, -688, 13744, 2400
1707791045088, 423852, -688, 13744, 2400
1707791045089, 423853, -928, 14176, 2592
1707791045089, 423855, -1184, 14480, 2960
1707791045089, 423857, -1168, 14480, 2960
1707791045108, 423858, -1184, 14704, 3472
1707791045108, 423860, -1184, 14704, 3904
1707791045108, 423861, -1072, 14832, 3904
1707791045108, 423863, -1248, 14960, 4448
1707791045108, 423865, -1248, 14960, 5008
1707791045108, 423877, -1456, 14928, 5920
1707791045109, 423878, -1360, 14832, 6384
1707791045109, 423880, -1360, 14784, 6416
1707791045124, 423881, -1504, 14784, 6416
1707791045124, 423883, -1584, 14832, 6432
1707791045124, 423885, -1584, 14832, 6432
1707791045124, 423886, -1760, 14800, 6432
1707791045124, 423888, -1536, 14752, 6528
1707791045124, 423889, -1536, 14752, 7040
1707791045144, 423901, -1632, 13648, 7696
1707791045144, 423903, -2288, 13392, 7760
1707791045144, 423904, -2288, 13136, 7776
1707791045144, 423906, -2176, 13264, 7776
1707791045144, 423908, -2304, 13024, 7776
1707791045145, 423909, -2304, 13024, 7776
1707791045145, 423911, -2528, 12928, 8128
1707791045145, 423912, -2832, 13168, 8416
1707791045168, 423914, -2832, 13168, 8416
1707791045168, 423916, -3088, 13328, 8688
1707791045168, 423928, -4016, 14480, 9600
1707791045168, 423929, -4016, 14480, 9792
1707791045168, 423931, -4112, 14784, 9792
1707791045169, 423932, -4176, 15056, 9776
1707791045169, 423934, -4176, 15056, 9776
1707791045169, 423936, -4304, 15248, 9968
1707791045192, 423937, -4368, 15408, 9808
1707791045192, 423939, -4368, 15408, 9808
1707791045192, 423940, -4688, 15568, 10048
1707791045192, 423952, -5072, 17024, 10064
1707791045192, 423954, -5072, 17024, 10064
1707791045193, 423955, -5136, 17360, 10080
1707791045193, 423957, -5216, 17760, 10240
1707791045193, 423959, -5216, 17760, 10240
1707791045212, 423960, -5312, 18320, 10224
1707791045212, 423962, -5392, 18960, 9952
1707791045212, 423964, -5392, 18960, 9952
1707791045212, 423965, -5296, 19696, 9456
1707791045212, 423977, -6048, 22864, 9696
1707791045212, 423979, -6048, 22864, 9952
1707791045213, 423980, -6288, 23136, 9792
1707791045213, 423982, -6592, 23152, 9968
1707791045236, 423983, -6592, 23152, 9968
1707791045236, 423985, -6608, 23200, 10528
1707791045236, 423987, -6944, 23088, 10784
1707791045236, 423988, -6944, 23088, 10784
1707791045236, 423990, -6944, 23104, 11152
1707791045236, 424002, -7888, 21136, 10160
1707791045237, 424003, -7888, 21136, 10160
1707791045237, 424005, -8224, 20512, 9840
1707791045248, 424007, -8688, 19856, 9712
1707791045248, 424008, -8688, 19856, 9712
1707791045248, 424010, -8960, 19296, 9504
1707791045248, 424011, -9280, 18400, 9264
1707791045248, 424013, -9280, 18400, 9264
1707791045249, 424015, -9424, 17584, 9152
1707791045272, 424026, -11120, 11616, 7168
1707791045272, 424028, -11120, 11616, 7168
1707791045272, 424030, -11488, 9936, 6992
1707791045272, 424031, -11824, 8368, 6944
1707791045272, 424033, -11824, 8368, 6944
1707791045272, 424034, -12224, 6784, 6240
1707791045272, 424036, -12848, 5152, 5952
1707791045272, 424038, -12848, 5152, 5952
1707791045273, 424039, -13264, 3840, 5712
1707791045296, 424051, -14800, -288, 4336
1707791045296, 424053, -14800, -288, 4336
1707791045296, 424054, -15184, -112, 3680
1707791045296, 424056, -15760, 96, 3728
1707791045296, 424058, -15760, 96, 3728
1707791045296, 424059, -16608, 144, 3520
1707791045296, 424061, -17232, -272, 3888
1707791045297, 424062, -17232, -272, 3888
1707791045316, 424064, -17584, -1632, 3904
1707791045316, 424066, -17840, -3936, 4480
1707791045316, 424078, -17712, -16352, 4640
1707791045316, 424079, -17360, -19744, 4672
1707791045316, 424081, -16944, -22816, 2576
1707791045316, 424082, -16944, -22816, 2576
1707791045316, 424084, -12800, -27168, -3440
1707791045316, 424086, -13360, -29904, -1056
1707791045340, 424087, -13360, -29904, -1056
1707791045340, 424089, -13840, -31264, 496
1707791045340, 424101, -10896, -32592, 3952
1707791045340, 424102, -10896, -32592, 3952
1707791045340, 424104, -8304, -32608, 1248
1707791045340, 424106, -5840, -32624, -656
1707791045340, 424107, -5840, -32624, -656
1707791045340, 424109, -4528, -32624, -1776
1707791045364, 424111, -3136, -32544, -3040
1707791045364, 424112, -3136, -32544, -3040
1707791045364, 424114, -2400, -30944, -3488
1707791045364, 424126, -4384, -13632, 1552
1707791045364, 424127, -4384, -13632, 2768
1707791045364, 424129, -5040, -10144, 2768
1707791045364, 424131, -5440, -7120, 4016
1707791045384, 424132, -5440, -7120, 4272
1707791045384, 424134, -5952, -4416, 4304
1707791045384, 424135, -6480, -2304, 4576
1707791045384, 424137, -6480, -2304, 4576
1707791045384, 424139, -7280, -624, 5248
1707791045385, 424151, -11136, -2192, 6608
1707791045385, 424152, -11136, -6032, 7232
1707791045385, 424154, -11728, -6032, 7232
1707791045385, 424156, -12400, -11472, 7696
1707791045408, 424157, -12400, -11472, 8544
1707791045408, 424159, -12800, -17968, 8544
1707791045408, 424160, -12656, -24432, 9696
1707791045408, 424162, -12656, -24432, 10720
1707791045409, 424174, -12016, -32368, 10912
1707791045409, 424175, -3920, -32496, 10384
1707791045409, 424177, -3920, -32560, 9408
1707791045428, 424179, -2272, -32560, 9408
1707791045428, 424180, -1136, -32592, 8816
1707791045428, 424182, -1136, -32592, 7376
1707791045428, 424184, -160, -32608, 7376
1707791045428, 424185, 944, -32624, 5584
1707791045429, 424187, 944, -32624, 5584
1707791045429, 424199, 2032, -19520, -2784
1707791045429, 424200, 2720, -16512, -4496
1707791045429, 424202, 2720, -13888, -5744
1707791045452, 424203, 2384, -13888, -5744
1707791045452, 424205, 2112, -11616, -7152
1707791045452, 424207, 2112, -9568, -8336
1707791045453, 424208, 1600, -9728, -8336
1707791045453, 424210, 1184, -8080, -9488
1707791045453, 424212, 1184, -8080, -10224
1707791045453, 424223, 560, -3760, -11072
1707791045453, 424225, -576, -3568, -10496
1707791045472, 424227, -832, -3648, -9648
1707791045472, 424228, -848, -3648, -9648
1707791045472, 424230, -592, -3952, -8800
1707791045473, 424232, -592, -4352, -7104
1707791045473, 424233, -944, -4352, -7104
1707791045473, 424235, -1120, -4576, -5904
1707791045473, 424237, -1120, -5104, -4864
1707791045473, 424238, -1088, -5104, -4864
1707791045496, 424250, -2320, -9232, 976
1707791045496, 424252, -2416, -10080, 2048
1707791045496, 424253, -2416, -10080, 2048
1707791045496, 424255, -2320, -10784, 2672
1707791045497, 424257, -2112, -11392, 3472
1707791045497, 424258, -2112, -11392, 3472
1707791045497, 424260, -2256, -11760, 3872
1707791045497, 424261, -2256, -12128, 4672
1707791045520, 424263, -2192, -12128, 4672
1707791045520, 424275, -2112, -12800, 6992
1707791045520, 424277, -1968, -13120, 6992
1707791045521, 424278, -1968, -13120, 6992
1707791045521, 424280, -1920, -13600, 6896
1707791045521, 424281, -1904, -14320, 6480
1707791045521, 424283, -1904, -14320, 6480
1707791045521, 424285, -1792, -14928, 6272
1707791045540, 424286, -1472, -15776, 5648
1707791045540, 424288, -1472, -15776, 5648
1707791045540, 424300, 880, -18656, 160
1707791045540, 424301, 1408, -18880, -1440
1707791045541, 424303, 1408, -18880, -1440
1707791045541, 424305, 1712, -19008, -2720
1707791045541, 424306, 2048, -19072, -3824
1707791045541, 424308, 2048, -19072, -3824
1707791045564, 424309, 2224, -18896, -4688
1707791045564, 424311, 2416, -18496, -5984
1707791045564, 424313, 2416, -18496, -5984
1707791045564, 424325, 2960, -15872, -9456
1707791045565, 424326, 2864, -15344, -9872
1707791045565, 424328, 2864, -15344, -9872
1707791045565, 424329, 2688, -14912, -9776
1707791045565, 424331, 2864, -14400, -9520
1707791045565, 424333, 2864, -14400, -9520
1707791045565, 424334, 2752, -14064, -9056
1707791045565, 424336, 2848, -13648, -8528
1707791045592, 424348, 2208, -12832, -5632
1707791045592, 424349, 2192, -12336, -4704
1707791045592, 424351, 1840, -11744, -3968
1707791045593, 424353, 1840, -11744, -3968
1707791045593, 424354, 1728, -11184, -3072
1707791045593, 424356, 1632, -10448, -2400
1707791045593, 424358, 1632, -10448, -2400
1707791045593, 424359, 1648, -9760, -1616
1707791045593, 424361, 1600, -9104, -864
1707791045616, 424373, 1632, -8464, 1184
1707791045616, 424374, 1552, -8560, 1184
1707791045616, 424376, 1696, -8672, 1184
1707791045617, 424378, 1696, -8672, 1184
1707791045617, 424379, 1616, -8688, 1456
1707791045617, 424381, 1472, -8720, 1328
1707791045617, 424382, 1472, -8720, 1328
1707791045617, 424384, 1584, -8640, 912
1707791045640, 424386, 1616, -8608, 848
1707791045640, 424387, 1616, -8608, 848
1707791045640, 424389, 1536, -8512, 960
1707791045640, 424401, 1440, -8176, 1184
1707791045641, 424402, 1440, -8176, 1184
1707791045641, 424404, 1488, -8288, 1136
1707791045641, 424405, 1408, -8576, 1312
1707791045641, 424407, 1408, -8576, 1312
1707791045641, 424409, 1376, -8768, 1552
1707791045660, 424410, 1440, -8976, 1456
1707791045660, 424412, 1440, -8976, 1456
1707791045660, 424414, 1600, -9200, 1344
1707791045661, 424415, 1664, -9392, 1536
1707791045661, 424427, 1936, -10064, 752
1707791045661, 424429, 1808, -10176, 544
1707791045661, 424430, 1968, -10112, 480
1707791045661, 424432, 1968, -10112, 480
1707791045676, 424433, 2144, -10160, 368
1707791045676, 424435, 1984, -10064, -128
1707791045676, 424437, 1984, -10064, -128
1707791045676, 424438, 1808, -9904, 32
1707791045677, 424440, 1808, -9584, -416
1707791045677, 424441, 1792, -9584, -416
1707791045696, 424453, 1616, -8320, -1280
1707791045696, 424455, 1600, -8064, -1632
1707791045696, 424457, 1600, -8064, -1632
1707791045697, 424458, 1728, -8016, -1616
1707791045697, 424460, 1312, -7888, -1648
1707791045697, 424461, 1312, -7888, -1648
1707791045697, 424463, 1392, -7792, -1376
1707791045697, 424465, 1424, -7664, -1440
1707791045720, 424466, 1424, -7664, -1440
1707791045720, 424468, 1296, -7680, -1440
1707791045721, 424480, 1296, -7376, -1696
1707791045721, 424481, 1296, -7376, -1696
1707791045721, 424483, 1344, -7392, -1536
1707791045721, 424485, 1488, -7632, -1840
1707791045721, 424486, 1488, -7632, -1840
1707791045721, 424488, 1680, -7856, -1632
1707791045725, 424490, 1776, -7984, -1552
1707791045725, 424491, 1776, -7984, -1552
1707791045725, 424493, 1904, -8240, -1184
1707791045749, 424505, 2000, -8784, -1024
1707791045749, 424506, 2000, -8784, -1024
1707791045749, 424508, 1840, -8848, -976
1707791045750, 424509, 1888, -8880, -704
1707791045750, 424511, 1888, -8880, -704
1707791045750, 424513, 1888, -8912, -704
1707791045750, 424514, 1888, -8880, -448
1707791045750, 424516, 1888, -8880, -448
1707791045750, 424518, 1856, -8864, -320
1707791045750, 424519, 1856, -8768, -208
1707791045777, 424531, 1808, -8656, 288
1707791045777, 424533, 1872, -8624, 672
1707791045777, 424534, 1872, -8656, 672
1707791045778, 424536, 1872, -8656, 672
1707791045778, 424537, 1728, -8512, 800
1707791045778, 424539, 1856, -8368, 768
1707791045778, 424541, 1856, -8368, 768
1707791045778, 424542, 1648, -8272, 896
1707791045778, 424544, 1392, -8080, 672
1707791045778, 424546, 1520, -8080, 672
1707791045778, 424547, 1488, -7776, 368
1707791045805, 424559, 1408, -6944, 432
1707791045805, 424561, 1408, -6944, 432
1707791045805, 424562, 1424, -6864, 448
1707791045806, 424564, 1424, -6848, 160
1707791045806, 424565, 1488, -6848, 160
1707791045806, 424567, 1536, -6800, 880
1707791045806, 424569, 1536, -6544, 864
1707791045806, 424570, 1424, -6656, 864
1707791045806, 424572, 1344, -6592, 688
1707791045806, 424573, 1344, -6592, 688
1707791045807, 424575, 1488, -6608, 928
1707791045833, 424587, 1536, -6992, 752
1707791045833, 424588, 1536, -6992, 736
1707791045833, 424590, 1584, -7152, 736
1707791045834, 424592, 1552, -7344, 768
1707791045834, 424593, 1552, -7344, 512
1707791045834, 424595, 1504, -7440, 512
1707791045834, 424597, 1744, -7584, 48
1707791045834, 424598, 1744, -7584, 48
1707791045853, 424600, 1808, -7632, 352
1707791045853, 424601, 1648, -7712, 48
1707791045853, 424603, 1648, -7712, 48
1707791045854, 424605, 1856, -7792, -240
1707791045854, 424616, 1872, -7872, -640
1707791045854, 424618, 1872, -7872, -640
1707791045854, 424620, 1888, -7840, -656
1707791045854, 424621, 2032, -7840, -704
1707791045854, 424623, 2032, -7840, -704
1707791045877, 424624, 1968, -7744, -800
1707791045877, 424626, 2016, -7680, -1024
1707791045877, 424628, 2016, -7680, -1024
1707791045878, 424629, 2016, -7648, -944
1707791045878, 424631, 2064, -7616, -1056
1707791045878, 424643, 1744, -7408, -1088
1707791045878, 424644, 1728, -7344, -1296
1707791045878, 424646, 1600, -7312, -976
1707791045897, 424648, 1600, -7312, -976
1707791045897, 424649, 1536, -7168, -1488
1707791045897, 424651, 1456, -7056, -1088
1707791045897, 424653, 1456, -7056, -1088
1707791045898, 424654, 1552, -6992, -1072
1707791045898, 424656, 1648, -6896, -976
1707791045898, 424657, 1648, -6896, -976
1707791045898, 424669, 1840, -6576, -1296
1707791045898, 424671, 1920, -6608, -1616
1707791045917, 424673, 1920, -6608, -1376
1707791045917, 424674, 1920, -6624, -1376
1707791045917, 424676, 1728, -6656, -1184
1707791045918, 424677, 1728, -6656, -1184
1707791045918, 424679, 1952, -6816, -1280
1707791045918, 424681, 1968, -6896, -1264
1707791045918, 424682, 1968, -6896, -1264
1707791045937, 424694, 1760, -7184, -736
1707791045937, 424696, 1728, -7376, -896
1707791045937, 424697, 1728, -7376, -672
1707791045938, 424699, 1728, -7488, -672
1707791045938, 424701, 1968, -7520, -656
1707791045938, 424702, 1968, -7520, -656
1707791045938, 424704, 1920, -7664, -544
1707791045938, 424706, 2032, -7808, -384
1707791045961, 424707, 2032, -7808, -384
1707791045961, 424709, 1872, -7808, -288
1707791045961, 424710, 1840, -7856, -592
1707791045962, 424722, 2048, -8256, -640
1707791045962, 424724, 1952, -8352, -640
1707791045962, 424725, 1824, -8336, -768
1707791045962, 424727, 1824, -8336, -768
1707791045962, 424729, 1904, -8448, -736
1707791045962, 424730, 2032, -8432, -528
1707791045981, 424732, 2032, -8432, -528
1707791045981, 424734, 1936, -8352, -624
1707791045982, 424735, 1920, -8448, -864
1707791045982, 424737, 1920, -8448, -864
1707791045982, 424749, 2000, -8096, -672
1707791045982, 424750, 1920, -8128, -384
1707791045982, 424752, 1920, -8128, -704
1707791045982, 424754, 1728, -8000, -704
1707791045997, 424755, 1792, -8032, -896
1707791045997, 424757, 1792, -8032, -640
1707791045997, 424759, 1808, -7904, -640
1707791045998, 424760, 1680, -7968, -528
1707791045998, 424762, 1680, -7968, -528
1707791045998, 424763, 1744, -7920, -528
1707791046021, 424775, 1648, -7744, -336
1707791046021, 424777, 1648, -7488, -368
1707791046021, 424778, 1520, -7680, -368
1707791046022, 424780, 1424, -7520, -160
1707791046022, 424782, 1424, -7520, 96
1707791046022, 424783, 1472, -7504, 96
1707791046022, 424785, 1520, -7472, 272
1707791046022, 424787, 1520, -7472, 528
1707791046041, 424788, 1408, -7408, 576
1707791046041, 424790, 1328, -7312, 768
1707791046041, 424791, 1328, -7312, 768
1707791046041, 424803, 1168, -7024, 768
1707791046042, 424805, 1008, -6944, 624
1707791046042, 424806, 1008, -6944, 704
1707791046042, 424808, 1120, -6848, 704
1707791046042, 424810, 912, -6752, 704
1707791046042, 424811, 912, -6752, 704
1707791046065, 424813, 864, -6752, 448
1707791046065, 424815, 944, -6816, 512
1707791046065, 424816, 944, -6816, 512
1707791046065, 424818, 864, -6880, 576
1707791046066, 424819, 1024, -6896, 272
1707791046066, 424821, 1024, -6896, 272
1707791046066, 424833, 752, -7424, 608
1707791046066, 424834, 688, -7536, 480
1707791046066, 424836, 688, -7536, 480
1707791046085, 424838, 768, -7888, 768
1707791046085, 424839, 736, -8000, 512
1707791046085, 424841, 736, -8000, 512
1707791046085, 424842, 800, -8208, 592
1707791046086, 424844, 608, -8368, 768
1707791046086, 424846, 608, -8368, 768
1707791046086, 424847, 624, -8592, 912
1707791046086, 424849, 624, -8672, 736
1707791046086, 424850, 752, -8672, 736
1707791046105, 424862, 816, -8656, 208
1707791046105, 424864, 656, -8560, -48
1707791046105, 424866, 656, -8560, -48
1707791046105, 424867, 1024, -8496, -304
1707791046106, 424869, 1200, -8448, -464
1707791046106, 424870, 1200, -8448, -464
1707791046106, 424872, 1216, -8368, -560
1707791046106, 424874, 1072, -8368, -768
1707791046129, 424875, 1072, -8368, -768
1707791046129, 424877, 1088, -8320, -768
1707791046129, 424879, 832, -8288, -640
1707791046129, 424890, 976, -8352, -896
1707791046129, 424892, 832, -8368, -960
1707791046130, 424894, 736, -8416, -848
1707791046130, 424895, 736, -8416, -848
1707791046130, 424897, 800, -8496, -944
1707791046130, 424899, 784, -8432, -800
1707791046141, 424900, 784, -8432, -800
1707791046141, 424902, 864, -8400, -544
1707791046141, 424903, 864, -8384, -624
1707791046141, 424905, 848, -8384, -624
1707791046141, 424907, 784, -8256, -272
1707791046161, 424918, 592, -7792, 304
1707791046161, 424920, 592, -7792, 304
1707791046161, 424922, 528, -7760, 496
1707791046161, 424923, 400, -7616, 768
1707791046161, 424925, 400, -7616, 768
1707791046162, 424927, 336, -7504, 544
1707791046162, 424928, 336, -7440, 528
1707791046162, 424930, 144, -7440, 528
1707791046162, 424931, 64, -7376, 288
1707791046185, 424933, 64, -7376, 592
1707791046185, 424935, 32, -7280, 592
1707791046185, 424936, -32, -7312, 1072
1707791046185, 424938, -32, -7312, 816
1707791046185, 424950, -48, -7296, 1056
1707791046186, 424951, 176, -7232, 992
1707791046186, 424953, 176, -7184, 1152
1707791046186, 424954, 272, -7184, 1152
1707791046186, 424956, 304, -7024, 864
1707791046209, 424958, 304, -7024, 864
1707791046209, 424959, 448, -6944, 864
1707791046209, 424961, 496, -6816, 832
1707791046209, 424963, 496, -6816, 832
1707791046209, 424964, 720, -6704, 640
1707791046210, 424966, 848, -6752, 672
1707791046210, 424967, 848, -6752, 672
1707791046210, 424979, 1056, -6832, 304
1707791046210, 424981, 976, -6880, 496
1707791046229, 424982, 976, -6880, 496
1707791046229, 424984, 880, -6928, 352
1707791046229, 424986, 928, -6912, 240
1707791046229, 424987, 928, -6912, 240
1707791046229, 424989, 848, -7008, 304
1707791046229, 424990, 752, -6976, -128
1707791046230, 424992, 752, -6976, -128
1707791046230, 424994, 672, -6992, -64
1707791046230, 424995, 688, -7072, 288
1707791046253, 424997, 688, -7072, 288
1707791046253, 425009, 352, -7632, 64
1707791046253, 425010, 160, -7648, -16
1707791046253, 425012, 160, -7648, -16
1707791046253, 425014, 352, -7584, -48
1707791046253, 425015, 336, -7424, -208
1707791046254, 425017, 336, -7424, -208
1707791046254, 425018, 400, -7312, -304
1707791046254, 425020, 896, -7168, -448
1707791046273, 425022, 896, -7168, -448
1707791046273, 425023, 976, -6976, -240
1707791046273, 425025, 1296, -6800, -208
1707791046273, 425027, 1296, -6800, -208
1707791046273, 425038, 1696, -7152, -288
1707791046274, 425040, 1776, -7408, -240
1707791046274, 425042, 1776, -7408, -240
1707791046274, 425043, 1632, -7584, -368
1707791046274, 425045, 1632, -7760, 64
1707791046297, 425047, 1632, -7760, 64
1707791046297, 425048, 1744, -7808, -160
1707791046297, 425050, 1776, -7872, -112
1707791046297, 425051, 1776, -7872, -112
1707791046297, 425053, 1824, -7888, -528
1707791046297, 425055, 1744, -7952, -384
1707791046298, 425066, 1760, -8032, -608
1707791046298, 425068, 1888, -8080, -880
1707791046317, 425070, 1824, -8128, -848
1707791046317, 425071, 1824, -8128, -848
1707791046317, 425073, 1728, -8224, -480
1707791046317, 425075, 1744, -8192, -544
1707791046317, 425076, 1744, -8192, -544
1707791046317, 425078, 1712, -8064, -928
1707791046317, 425080, 1872, -8016, -976
1707791046318, 425081, 1872, -8016, -976
1707791046318, 425093, 1872, -7376, -1184
1707791046341, 425095, 2000, -7312, -1104
1707791046341, 425096, 2000, -7312, -1104
1707791046341, 425098, 2112, -7456, -896
1707791046341, 425100, 2160, -7472, -720
1707791046341, 425101, 2160, -7472, -720
1707791046341, 425103, 2224, -7504, -576
1707791046342, 425104, 2080, -7584, -784
1707791046342, 425106, 2080, -7584, -784
1707791046342, 425108, 2112, -7728, -608
1707791046365, 425119, 2272, -7520, -288
1707791046365, 425121, 2272, -7520, -288
1707791046365, 425123, 2336, -7488, -208
1707791046365, 425124, 2448, -7312, -336
1707791046365, 425126, 2448, -7312, -336
1707791046365, 425128, 2400, -7264, -288
1707791046365, 425129, 2288, -7248, -80
1707791046366, 425131, 2288, -7248, -80
1707791046385, 425132, 2432, -7296, -448
1707791046385, 425134, 2512, -7248, -256
1707791046385, 425136, 2512, -7248, -256
1707791046385, 425148, 2240, -7312, -912
1707791046385, 425149, 2144, -7280, -816
1707791046385, 425151, 2144, -7280, -816
1707791046385, 425152, 2208, -7312, -1328
1707791046386, 425154, 2288, -7296, -1504
1707791046386, 425156, 2288, -7296, -1504
1707791046409, 425157, 2144, -7216, -1536
1707791046409, 425159, 2320, -7120, -1712
1707791046409, 425161, 2320, -7120, -1712
1707791046409, 425162, 2368, -7040, -1392
1707791046409, 425174, 2608, -7344, -1008
1707791046409, 425176, 2608, -7344, -1264
1707791046409, 425177, 2560, -7488, -1104
1707791046410, 425179, 2656, -7520, -800
1707791046429, 425181, 2656, -7520, -800
1707791046429, 425182, 2800, -7504, -784
1707791046429, 425184, 2944, -7424, -720
1707791046429, 425185, 2944, -7424, -720
1707791046429, 425187, 2928, -7472, -608
1707791046429, 425189, 2992, -7472, -608
1707791046429, 425201, 3152, -7552, -400
1707791046430, 425202, 3072, -7600, -400
1707791046449, 425204, 2976, -7616, -256
1707791046449, 425205, 2976, -7616, -512
1707791046449, 425207, 2976, -7664, -352
1707791046449, 425209, 2816, -7712, -480
1707791046449, 425210, 2816, -7712, -480
1707791046449, 425212, 2960, -7792, -336
1707791046449, 425214, 3008, -7904, -528
1707791046449, 425215, 3008, -7904, -528
1707791046473, 425227, 3216, -7744, -464
1707791046473, 425229, 3152, -7552, -576
1707791046473, 425230, 3152, -7552, -480
1707791046473, 425232, 3136, -7408, -480
1707791046473, 425234, 3280, -7152, -624
1707791046473, 425235, 3280, -7152, -624
1707791046473, 425237, 3248, -7120, -736
1707791046474, 425238, 3216, -6864, -832
1707791046493, 425240, 3216, -6864, -832
1707791046493, 425242, 3184, -6720, -528
1707791046493, 425243, 3200, -6544, -656
1707791046493, 425255, 3232, -5840, -304
1707791046493, 425257, 3280, -5840, -304
1707791046493, 425258, 3232, -5664, 48
1707791046493, 425260, 3232, -5664, 96
1707791046493, 425262, 3296, -5600, 96
1707791046494, 425263, 3200, -5504, 208
1707791046516, 425265, 3200, -5504, 720
1707791046517, 425267, 3296, -5600, 560
1707791046517, 425268, 3408, -5648, 800
1707791046517, 425270, 3408, -5648, 800
1707791046517, 425271, 3344, -5680, 1184
1707791046517, 425283, 3424, -5952, 2256
1707791046517, 425285, 3424, -5952, 2160
1707791046517, 425286, 3456, -6032, 2160
1707791046536, 425288, 3552, -6192, 1648
1707791046537, 425290, 3552, -6192, 1648
1707791046537, 425291, 3600, -6384, 1696
1707791046537, 425293, 3456, -6544, 1600
1707791046537, 425294, 3456, -6544, 1600
1707791046537, 425296, 3600, -6720, 1440
1707791046537, 425298, 3568, -6864, 1328
1707791046537, 425309, 3648, -7648, 288
1707791046537, 425311, 3536, -7696, -16
1707791046560, 425313, 3408, -7744, -160
1707791046561, 425314, 3408, -7744, -160
1707791046561, 425316, 3600, -7744, -416
1707791046561, 425318, 3632, -7680, -592
1707791046561, 425319, 3632, -7680, -592
1707791046561, 425321, 3584, -7680, -688
1707791046561, 425322, 3680, -7472, -1120
1707791046561, 425324, 3680, -7472, -1120
1707791046561, 425326, 3568, -7376, -1184
1707791046580, 425338, 3744, -6768, -1936
1707791046581, 425339, 3744, -6768, -1936
1707791046581, 425341, 3712, -6624, -1856
1707791046581, 425342, 3808, -6480, -1856
1707791046581, 425344, 3808, -6480, -1856
1707791046581, 425346, 3904, -6368, -2368
1707791046581, 425347, 3872, -6336, -2096
1707791046581, 425349, 3872, -6336, -2096
1707791046604, 425351, 3888, -6240, -2096
1707791046604, 425362, 4576, -6032, -1440
1707791046605, 425364, 4576, -6032, -1440
1707791046605, 425366, 4512, -6112, -1408
1707791046605, 425367, 4608, -6128, -880
1707791046605, 425369, 4608, -6128, -880
1707791046605, 425371, 4848, -6176, -1072
1707791046605, 425372, 4752, -6160, -624
1707791046628, 425374, 4752, -6160, -624
1707791046628, 425375, 4912, -6112, -224
1707791046629, 425377, 4800, -5984, 48
1707791046629, 425389, 4688, -5632, 288
1707791046629, 425391, 4784, -5632, 528
1707791046629, 425392, 4640, -5648, 320
1707791046629, 425394, 4640, -5648, 320
1707791046629, 425395, 4464, -5696, 256
1707791046629, 425397, 4368, -5808, 192
1707791046648, 425399, 4368, -5808, 192
1707791046648, 425400, 4384, -5952, 352
1707791046649, 425402, 4464, -6224, 384
1707791046649, 425403, 4464, -6224, 384
1707791046649, 425405, 4528, -6320, 656
1707791046649, 425417, 4912, -6608, 944
1707791046649, 425419, 4912, -6608, 944
1707791046649, 425420, 4864, -6592, 896
1707791046650, 425422, 4992, -6608, 512
1707791046672, 425423, 4992, -6608, 512
1707791046672, 425425, 5040, -6656, 192
1707791046673, 425427, 4960, -6608, 400
1707791046673, 425428, 4960, -6608, 400
1707791046673, 425430, 5088, -6608, 432
1707791046673, 425431, 5008, -6512, -16
1707791046673, 425433, 5008, -6512, -16
1707791046673, 425445, 5312, -6048, -384
1707791046673, 425446, 5312, -5952, -288
1707791046692, 425448, 5312, -5952, -288
1707791046692, 425450, 5392, -5888, -512
1707791046693, 425451, 5376, -5872, -240
1707791046693, 425453, 5376, -5872, -240
1707791046693, 425455, 5488, -5808, -16
1707791046693, 425456, 5360, -5696, 272
1707791046693, 425458, 5360, -5696, 272
1707791046693, 425459, 5328, -5600, -64
1707791046716, 425461, 5584, -5568, 128
1707791046716, 425473, 5520, -5408, 1344
1707791046716, 425474, 5408, -5344, 1504
1707791046716, 425476, 5456, -5120, 1664
1707791046717, 425478, 5456, -5120, 1664
1707791046717, 425479, 5408, -5088, 1712
1707791046717, 425481, 5408, -4960, 1584
1707791046717, 425483, 5568, -4960, 1584
1707791046717, 425484, 5488, -4896, 1552
1707791046736, 425486, 5488, -4640, 1616
1707791046736, 425487, 5376, -4784, 1616
1707791046736, 425499, 5472, -4416, 2192
1707791046737, 425501, 5472, -4384, 2144
1707791046737, 425502, 5536, -4384, 2144
1707791046737, 425504, 5584, -4336, 2320
1707791046737, 425506, 5584, -4304, 2064
1707791046737, 425507, 5488, -4304, 2064
1707791046744, 425509, 5616, -4272, 1792
1707791046744, 425510, 5616, -4272, 1648
1707791046744, 425512, 5616, -4352, 1648
1707791046744, 425514, 5632, -4352, 1776
1707791046768, 425525, 5792, -5136, 992
1707791046768, 425527, 5840, -5136, 992
1707791046768, 425529, 5872, -5200, 880
1707791046768, 425530, 5872, -5200, 592
1707791046769, 425532, 6096, -5376, 592
1707791046769, 425534, 6256, -5648, 560
1707791046769, 425535, 6256, -5648, 304
1707791046769, 425537, 6320, -5840, 448
1707791046772, 425538, 6192, -5968, 336
1707791046772, 425540, 6192, -5968, 336
1707791046772, 425542, 6352, -6096, 400
1707791046796, 425553, 6608, -6608, -416
1707791046796, 425555, 6608, -6608, -416
1707791046796, 425557, 6576, -6592, -272
1707791046797, 425558, 6448, -6624, -368
1707791046797, 425560, 6448, -6624, -368
1707791046797, 425562, 6448, -6608, -464
1707791046797, 425563, 6544, -6608, -512
1707791046797, 425565, 6544, -6608, -512
1707791046820, 425566, 6656, -6656, -272
1707791046820, 425568, 6576, -6688, -224
1707791046820, 425570, 6576, -6688, -224
1707791046820, 425581, 6368, -6704, 928
1707791046821, 425583, 6320, -6624, 1088
1707791046821, 425585, 6320, -6624, 1088
1707791046821, 425586, 6176, -6720, 1216
1707791046821, 425588, 6304, -6640, 1072
1707791046821, 425590, 6304, -6640, 1072
1707791046840, 425591, 6304, -6512, 1440
1707791046840, 425593, 6144, -6336, 1152
1707791046840, 425594, 6144, -6336, 1152
1707791046840, 425596, 6192, -6336, 928
1707791046841, 425608, 5904, -5520, 416
1707791046841, 425609, 5904, -5520, 416
1707791046841, 425611, 5808, -5344, 240
1707791046841, 425613, 5776, -5120, 16
1707791046856, 425614, 5776, -5120, 16
1707791046856, 425616, 5552, -4912, 160
1707791046856, 425617, 5184, -4784, 288
1707791046856, 425619, 5184, -4784, 288
1707791046857, 425621, 5344, -4640, 576
1707791046857, 425622, 5424, -4528, 784
1707791046857, 425624, 5424, -4528, 784
1707791046880, 425636, 5520, -4736, 2224
1707791046880, 425637, 5808, -4816, 2448
1707791046880, 425639, 5808, -4816, 2448
1707791046880, 425641, 5632, -5040, 2640
1707791046881, 425642, 5712, -5200, 2912
1707791046881, 425644, 5712, -5200, 2912
1707791046881, 425645, 5584, -5312, 2768
1707791046881, 425647, 5840, -5408, 2592
1707791046881, 425649, 5664, -5408, 2592
1707791046881, 425650, 5536, -5680, 2304
1707791046904, 425662, 5920, -6880, 1696
1707791046904, 425664, 5920, -6880, 1696
1707791046904, 425665, 6112, -7104, 1552
1707791046904, 425667, 6112, -7440, 1504
1707791046905, 425668, 6000, -7440, 1504
1707791046905, 425670, 6080, -7632, 1568
1707791046905, 425672, 6080, -7888, 1328
1707791046905, 425673, 6112, -7776, 1328
1707791046905, 425675, 6240, -8064, 1552
1707791046905, 425677, 6240, -8064, 1664
1707791046932, 425688, 6176, -8352, 1312
1707791046932, 425690, 6000, -8256, 1456
1707791046932, 425692, 6000, -8256, 1504
1707791046933, 425693, 5968, -8256, 1504
1707791046933, 425695, 6224, -8160, 1040
1707791046933, 425696, 6224, -8160, 1280
1707791046933, 425698, 6208, -8064, 1280
1707791046933, 425700, 5888, -8048, 1264
1707791046933, 425701, 5888, -8048, 1264
1707791046933, 425703, 5824, -7936, 1200
1707791046956, 425715, 5472, -7136, 1184
1707791046956, 425716, 5472, -7136, 1264
1707791046956, 425718, 5360, -7040, 1264
1707791046956, 425719, 5376, -6784, 1424
1707791046956, 425721, 5376, -6784, 1424
1707791046956, 425723, 5392, -6752, 1472
1707791046956, 425724, 5440, -6640, 1760
1707791046956, 425726, 5440, -6640, 1760
1707791046960, 425728, 5312, -6480, 1728
1707791046960, 425729, 5264, -6352, 1632
1707791046984, 425741, 5168, -5904, 2592
1707791046984, 425743, 5120, -5792, 2592
1707791046984, 425744, 4896, -5648, 2416
1707791046984, 425746, 4896, -5648, 2416
1707791046984, 425747, 5072, -5552, 2688
1707791046985, 425749, 4864, -5664, 2544
1707791046985, 425751, 4864, -5664, 2544
1707791046985, 425752, 4944, -5648, 2528
1707791046985, 425754, 4896, -5744, 2480
1707791046985, 425755, 4896, -5744, 2480
1707791047009, 425767, 4784, -5616, 2672
1707791047009, 425769, 4816, -5616, 2720
1707791047009, 425770, 4816, -5616, 2720
1707791047009, 425772, 4656, -5616, 2832
1707791047009, 425774, 4720, -5552, 2640
1707791047010, 425775, 4720, -5552, 2640
1707791047010, 425777, 4784, -5536, 2800
1707791047010, 425779, 4752, -5680, 3232
1707791047010, 425780, 4752, -5680, 3232
1707791047010, 425782, 4704, -5792, 3296
1707791047037, 425794, 4848, -5760, 3376
1707791047037, 425795, 4848, -5760, 3376
1707791047037, 425797, 4784, -5712, 3392
1707791047037, 425798, 4992, -5632, 3216
1707791047037, 425800, 4992, -5632, 3216
1707791047037, 425802, 4928, -5648, 2816
1707791047038, 425803, 4896, -5600, 3232
1707791047038, 425805, 4896, -5600, 3232
1707791047038, 425806, 4752, -5584, 2960
1707791047038, 425808, 4752, -5728, 2752
1707791047065, 425820, 4784, -6016, 2528
1707791047065, 425822, 4880, -5968, 2416
1707791047065, 425823, 4784, -5952, 2592
1707791047065, 425825, 4784, -5952, 2592
1707791047065, 425826, 4880, -6128, 2640
1707791047065, 425828, 4624, -6112, 2496
1707791047066, 425830, 4848, -6112, 2496
1707791047066, 425831, 4848, -6144, 2736
1707791047066, 425833, 4848, -6144, 2528
1707791047066, 425834, 4864, -6144, 2528
1707791047089, 425846, 4784, -5952, 2752
1707791047089, 425848, 4784, -5872, 2800
1707791047089, 425849, 4736, -5872, 2800
1707791047089, 425851, 4512, -5712, 2928
1707791047089, 425853, 4512, -5664, 2944
1707791047089, 425854, 4464, -5664, 2944
1707791047089, 425856, 4480, -5696, 2752
1707791047090, 425857, 4480, -5696, 2992
1707791047090, 425859, 4368, -5616, 2992
1707791047090, 425861, 4416, -5536, 2992
1707791047117, 425873, 4512, -5968, 3936
1707791047117, 425874, 4608, -5968, 3936
1707791047117, 425876, 4512, -6048, 3664
1707791047117, 425877, 4512, -6048, 3664
1707791047117, 425879, 4656, -6128, 3664
1707791047117, 425881, 4736, -6240, 3888
1707791047117, 425882, 4736, -6240, 3840
1707791047118, 425884, 4880, -6384, 3840
1707791047118, 425885, 4624, -6336, 3824
1707791047118, 425887, 4624, -6336, 3824
1707791047141, 425899, 4528, -6448, 3216
1707791047141, 425900, 4816, -6400, 2992
1707791047141, 425902, 4816, -6400, 3104
1707791047141, 425904, 4672, -6528, 3104
1707791047141, 425905, 4496, -6496, 3232
1707791047141, 425907, 4496, -6496, 3232
1707791047141, 425909, 4592, -6576, 2832
1707791047142, 425910, 4672, -6592, 2720
1707791047142, 425912, 4672, -6592, 2720
1707791047142, 425913, 4832, -6672, 2784
1707791047169, 425925, 4704, -6736, 2720
1707791047169, 425927, 4704, -6736, 2720
1707791047169, 425928, 4800, -6656, 2672
1707791047169, 425930, 4800, -6672, 2560
1707791047169, 425932, 4800, -6672, 2560
1707791047169, 425933, 4592, -6688, 2880
1707791047169, 425935, 4464, -6656, 2848
1707791047169, 425936, 4464, -6656, 2848
1707791047170, 425938, 4672, -6576, 2832
1707791047170, 425940, 4704, -6512, 2688
